[[0,21,16,14,18,12,51,17,55,21,17],
[21,0,47,28,37,32,33,51,39,58,51],
[16,47,0,20,28,29,22,38,29,31,29],
[14,28,20,0,63,23,26,15,28,27,23],
[18,37,28,63,0,31,30,17,36,39,30],
[12,32,29,23,31,0,21,14,28,51,30],
[51,33,22,26,30,21,0,19,69,32,24],
[17,51,38,15,17,14,19,0,23,26,17],
[55,39,29,28,36,28,69,23,0,37,28],
[21,58,31,27,39,51,32,26,37,0,47],
[17,51,29,23,30,30,24,17,28,47,0]]